15	61813600
12	110856000
12	38736800
2A	61948200
17	37115500
12	38748100
16	30689400
12	110647000
15	41299800
16	30725800
12	124214000
16	71794700
15	41294400
12	38760800
12	38754100
2A	61868300
2A	61926500
7	5295220
17	37013900
12	110674000
2B	131688000
2A	61986500
2A	61718100
12	38784900
1	152518000
16	72122800
16	71815700
2A	62282600
2A	62275600
2A	62045900
2A	61996200
2A	62437000
16	72097200
16	71748000
16	72001600
2A	62102700
12	38711000
16	71962500
12	111926000
2A	62155100
16	71902100
2A	62077000
16	72066600
2A	62187700
2A	62261200
12	111954000
12	38768600
12	40456100
16	71992000
12	124191000
16	30057500
12	40313600
12	111135000
2A	62054100
12	111176000
16	72184300
2A	62229400
16	71840200
12	40278600
2A	62197500
2A	62247800
2B	131675000
2B	131731000
2A	62071400
12	40254200
2A	61824200
12	111153000
15	41404100
2A	62161800
2A	62178600
12	40359600
12	40265700
16	30774800
16	30825500
6	86117300
16	71910700
12	124182000
2A	62121300
2A	61915400
12	111872000
2A	62094600
2A	62089600
16	72154600
12	38683900
7	5262300
2A	62009800
12	112078000
12	111792000
12	112000000
2B	131657000
2A	62062000
7	5255410
2A	61515900
12	112045000
16	30752300
6	44111900
2A	61790400
12	38703800
12	112237000
12	39656800
17	66682600
16	71935200
12	110609000
12	40062100
16	30575500
16	72036700
16	71887800
12	40349500
12	38776400
16	30641800
16	71979200
12	39677400
2A	62138000
15	61920500
16	71875100
2A	61905200
12	110628000
16	72115300
1	128227000
2A	61592700
16	71881100
12	111143000
16	71986300
15	82903100
6	44062500
15	41305100
1	128191000
12	111717000
12	124200000
2B	131647000
6	44103400
12	110845000
1	32067400
12	38796800
12	38695800
16	30597700
15	41284100
1	128079000
15	41358900
12	112177000
2A	62263900
7	5316600
16	72016600
12	112118000
12	110663000
16	71765100
16	71916800
2A	61938200
12	40199700
17	38252300
12	38812200
12	111943000
12	110689000
16	71715900
12	110594000
15	46624300
12	110786000
16	71895900
12	40179500
2A	61837900
2A	62299100
2A	61970100
19	50707000
12	112209000
12	110876000
16	72084800
12	124145000
15	41343700
16	71694800
2B	131620000
7	5341360
15	61792200
6	86113200
1	32338300
2A	61875100
1	128174000
7	5375580
2B	131661000
16	71971900
2B	131603000
16	30863700
12	111978000
16	71857400
2A	62144500
16	71930500
12	110580000
12	110703000
2A	61544700
12	38723100
16	72138500
16	30518200
15	82953600
19	50752600
15	41287800
2B	131669000
12	112059000
2A	61852900
1	152317000
16	30808100
12	110770000
16	71953900
1	152346000
17	37008900
12	38718300
1	128167000
15	61944300
10	71869100
15	41280800
12	40379100
2A	62307100
1	152434000
12	111015000
1	32062200
2A	99718500
16	71850800
12	124204000
15	46539300
1	32130800
12	40221500
12	112035000
12	40209900
5	78010900
6	86092000
12	110827000
19	15704600
16	72052300
12	124233000
15	83010000
2A	61961000
15	61936000
15	82946500
12	111805000
12	111920000
12	112104000
2A	62526400
17	36961300
15	46457700
1	152407000
12	40506100
7	5291010
2A	62126800
12	110913000
12	111856000
12	39629800
15	82827900
2A	62112500
12	38789700
2A	62218600
17	37022500
12	110760000
7	5326350
12	40294400
15	61889700
15	46437600
16	30855600
16	72175400
12	112200000
2B	131635000
15	61884500
12	111965000
6	44130400
16	72027400
12	38674600
12	40559900
15	61927600
14	29938500
17	36909900
1	152416000
2B	131617000
5	77711200
2A	61530400
1	32288000
15	46576800
2A	62373000
2A	61810500
1	152286000
15	61940900
14	29741900
16	45585600
16	72009300
2A	62031600
19	50768700
12	39952900
17	38194800
12	124163000
19	15707700
2A	61772600
12	112014000
17	38298900
15	61807700
19	50660400
2A	62357300
2B	208635000
12	39800700
12	124156000
12	110926000
1	152373000
16	71827200
14	65918300
12	40544700
16	71809300
7	5286240
1	128093000
1	128159000
16	72020400
12	111992000
12	38662700
14	29955200
2A	61978200
12	110888000
12	40148100
17	28305800
12	124171000
12	110567000
12	40399000
16	29988500
17	36678500
12	110958000
15	46551800
6	86121500
12	38922600
2A	99652800
12	111040000
5	77988400
15	41365500
16	72162600
2A	62169300
16	72168700
16	30030600
14	65935700
19	50587900
14	65886800
15	61848700
17	66685100
12	112144000
16	71863700
17	38261700
12	39835700
12	38895200
2B	131715000
12	111840000
12	111883000
2A	61743800
12	110993000
20	33191500
15	61720700
17	36916500
16	30541500
12	38901700
2A	61573200
5	77904900
2A	62503400
16	71752400
14	65892800
12	35819100
15	82895300
12	38617900
12	40160600
17	66487300
12	38876500
12	124254000
12	38800400
12	35731900
12	124121000
17	66693500
7	5240650
2B	131720000
10	72016800
17	36859800
16	30018600
1	32306600
16	71943300
15	82848800
14	65911800
17	38150800
12	110903000
12	112128000
12	112334000
12	39971200
12	38868800
1	32054700
17	36984800
6	86078100
17	28431500
16	45621200
12	39758700
12	110497000
12	39806500
8	45394300
9	34250000
12	39650900
16	45508100
15	39471200
10	72201600
12	39545100
15	46568300
12	112376000
12	35701200
1	152306000
12	110657000
12	39994500
16	45520600
17	66689500
12	40300700
12	110941000
17	38339500
19	50549000
19	50730200
8	45514100
12	39787800
12	39931500
17	36872400
12	120608000
12	40367900
2A	62426400
1	152812000
17	36879400
12	110984000
12	112254000
3	104748000
12	111111000
16	45598600
16	71820500
7	131287000
17	36995200
12	120665000
12	35840000
2A	61805400
17	37632100
17	28351000
16	4837000
12	111825000
15	61976300
16	29984200
17	38315500
7	5248200
1	152591000
20	56396100
12	112288000
17	38473400
17	36853600
12	120693000
15	46546800
12	39726700
1	32038000
12	110422000
2B	131699000
6	86132100
6	44080000
7	4945220
19	5918390
1	32142300
14	65922600
2A	26317100
3	104785000
12	35623400
15	46586300
2A	61761200
5	77918400
15	46620300
2A	99524200
2A	62414300
17	36924500
2A	62495100
12	40470800
12	38873900
16	5003900
12	39847800
4	162776000
12	39872200
10	71422900
2A	61505100
16	30022700
14	29928600
12	39815500
12	35809100
16	71781100
1	128205000
8	45468100
12	110635000
12	39899700
2A	99691100
7	5114910
1	56276800
1	32044500
12	40113100
12	40616400
17	36892500
12	110973000
1	128111000
17	37018900
12	40322000
15	40868800
7	4165520
2A	99635800
12	39477600
5	77998000
16	30617800
15	82875500
12	39739500
15	41338500
7	131305000
2A	61559600
6	44165700
10	71445800
14	65932800
6	44270900
2A	99672900
10	72144900
15	41223400
12	38637000
17	28321600
6	115255000
12	111126000
8	58655500
16	45499500
17	38387000
1	32253900
12	124078000
1	152900000
16	4968040
14	29749200
7	5320440
12	112267000
12	40204300
7	130246000
2A	62384800
7	5337800
2A	99696000
15	41313900
2A	62605000
7	130237000
12	35712500
12	38859100
2A	99685000
16	4986080
12	35848800
1	32280500
8	39472900
15	82872900
6	44233600
6	160052000
12	112167000
16	45494200
12	38929100
8	40007300
3	190700000
2A	61675400
12	38907200
5	77894800
19	15701600
2A	61703400
12	39571600
15	41330300
4	162667000
7	5277100
12	111281000
10	71432800
19	50644500
12	35878200
17	36664200
16	45496800
15	46638800
12	35765800
12	38585400
17	36970200
15	40941400
17	38330200
6	86196300
5	77818600
17	36252600
16	29975100
3	190699000
15	40891300
16	71801400
20	56331600
15	61673700
10	72132000
1	152669000
15	82887200
12	110516000
17	36887200
17	38166500
12	40390400
10	71438400
3	190697000
15	48739500
2A	26377500
2A	26236500
12	112261000
10	71425000
14	65882800
2A	33066400
6	150025000
17	36944300
17	28312600
10	72236300
17	37676000
7	5017260
1	152392000
17	38208800
10	72244500
20	56326000
17	28220000
15	61740200
14	65951300
6	44019600
17	36595100
15	40927400
12	111161000
15	82967800
15	82855900
4	171602000
6	44144200
19	13241500
17	36896700
12	120697000
14	65903800
10	71453300
2B	208675000
15	82834400
15	82912700
12	38401200
13	86787000
3	190698000
17	36119500
15	40921100
3	161155000
12	35879000
1	50235400
14	65895300
2B	208605000
17	17708600
13	63379100
15	61685200
15	82869500
16	29947000
17	38265500
12	35737800
2A	99595800
1	32264700
17	36956000
12	39642400
2A	32784300
2A	62462300
12	35680300
14	65990400
16	4939560
12	120556000
1	32170100
17	36903400
2A	62365600
12	39667200
12	111657000
4	162734000
16	71703100
12	39829200
22	22643400
12	35627400
15	46660800
1	56279200
15	48522200
10	72223300
17	36976300
2A	62210200
12	124125000
7	5364660
10	71419400
12	38804300
17	36939900
20	58268700
7	5217140
12	112027000
14	65966400
2A	61663700
12	112184000
16	45572500
6	44155000
19	13296900
16	71739800
1	32224900
9	34334300
15	41415300
15	82923600
17	36778800
1	50284400
2A	1722890
19	5923560
8	45440300
9	130656000
16	30882200
6	160063000
14	65943800
2A	62563500
15	61612600
4	162740000
17	28448200
10	71449500
2A	62404200
5	77602900
16	30654100
14	29931000
4	162748000
2A	62570400
17	66492600
17	17714500
10	71875600
17	37638700
12	38469100
5	77748800
7	39368100
16	4854620
15	41322100
5	77729800
17	37616900
17	36967100
14	29954100
17	37000600
10	71372700
17	28266400
1	32319600
16	4951660
17	28226000
12	112217000
9	34290000
17	28336300
17	36620800
17	66631000
16	71922600
12	111033000
12	40384100
2B	208526000
12	110556000
10	98137700
17	36721000
2A	61724200
12	112312000
7	130286000
1	32184500
2A	33057200
14	65915300
3	132633000
14	66005000
15	72996800
12	40288900
4	162681000
16	4964710
12	124108000
12	35777800
7	5307130
2A	61602300
12	111537000
17	36770000
2A	31968400
14	29746200
14	65978000
6	160174000
10	72171400
12	111913000
14	65963200
16	5010500
9	34258100
12	35656400
6	86201400
2A	26213400
16	1658630
12	38918100
10	119322000
20	56361900
8	45534100
3	55931800
15	39286100
2A	5465550
9	34345600
12	40173300
1	12809600
12	39906900
12	39842400
10	71429200
16	71476500
8	46457600
15	61700700
12	120623000
12	35904100
16	67000500
3	163679000
14	65908000
16	71413900
2A	99663300
1	171545000
15	46481100
12	40098100
8	45817000
12	39949600
17	17661700
19	15730200
3	161148000
17	28367100
12	39688600
6	44249500
15	61670000
12	39944600
1	152887000
2A	32897000
10	71409900
21	18798100
15	41247400
12	40334100
12	35888000
10	71849200
15	40911500
17	38355800
2B	208644000
2A	61620100
4	162737000
6	160039000
1	27176100
19	13227200
12	35611100
12	40432300
20	33242000
19	50680100
12	36071400
2A	5451540
12	35746700
4	162767000
14	65973500
4	162688000
12	40022800
2B	136498000
10	71309300
12	38836400
12	39058700
7	5135920
10	71414100
15	61575900
12	39855700
9	34306100
16	45823400
7	5208910
1	27549600
17	38304000
17	28233900
14	65897800
16	4866230
16	45616000
12	124246000
15	61899600
17	28376100
14	29942600
15	61917400
21	18859300
1	128142000
9	123831000
16	66920100
15	41020700
12	111169000
1	32196100
1	128470000
10	71415600
14	29822200
14	65956800
17	28917900
3	163673000
4	162713000
17	28325400
2A	62343800
16	4993440
19	5963430
8	40014400
12	124475000
10	71460500
12	38829600
17	37623100
1	32325800
8	46413000
2A	61652500
10	21956900
9	34302000
1	128213000
4	102357000
12	39585200
12	40407500
15	48375200
12	124133000
12	111592000
20	33227600
2A	26393800
16	45445200
17	38362900
6	69682300
5	77933200
16	4943380
6	44091100
6	160087000
17	38140700
14	65983100
17	38403700
16	29999500
3	161151000
17	66607900
1	26730200
20	33198000
7	5300650
7	5329770
7	5224060
17	66660600
16	71459800
12	111671000
15	61902800
15	82983000
17	28460800
12	39880700
12	111666000
12	111614000
3	163387000
6	44209400
5	178520000
2B	136581000
9	34224700
17	29049200
10	71442000
12	35718500
19	13185700
20	56375800
2A	32774300
6	85162300
10	71797100
12	35639700
3	185053000
2A	62451100
2A	62320500
12	35827100
15	82938700
4	132227000
10	71305400
7	39359600
12	123894000
2A	62488600
12	111627000
7	5156620
3	132619000
12	38842300
4	171589000
1	32028500
22	22579300
1	152875000
16	4818870
12	39794900
7	5171390
12	38824600
8	45763600
12	124268000
7	131405000
10	72217400
3	73047000
1	32178900
7	130222000
1	31059400
15	48797700
10	21952100
17	17683000
4	162762000
11	33121100
16	45666000
8	58450200
15	61714400
17	36242100
16	45472100
12	40500700
1	133812000
1	27154800
3	132555000
1	132894000
22	22608800
14	29892400
12	38850300
10	71291200
1	26903900
1	152773000
6	69679300
2B	136441000
15	61694100
1	153003000
10	71324500
12	111901000
1	32153600
12	39860200
4	162651000
20	60312900
12	39591600
7	68225800
17	38284300
5	74295600
14	37831000
7	68532800
10	71405300
2A	32886900
15	61962900
4	102195000
12	38864300
16	66863300
1	218190000
2B	208649000
19	15713100
12	39436600
13	63389100
10	71351200
8	18232400
2A	99628400
20	33186900
12	38654200
1	152457000
12	39889400
8	46025000
6	20492800
12	111772000
14	93774900
12	111675000
2A	26308000
17	36951500
7	39331700
2A	61636100
15	61637200
10	71364700
5	77558300
4	162660000
15	83014900
10	113379000
17	28204400
17	35985200
16	5068750
1	152380000
17	36973100
17	38290500
1	87724200
2B	136398000
12	40490100
2A	62204100
17	36930400
10	71455800
1	50349700
17	38881400
7	5088770
12	88582100
1	152759000
1	32232100
15	46603300
16	71771700
17	36449600
20	33544100
1	12814100
20	32708600
1	152746000
12	31562100
20	33207900
17	58478000
15	61770500
12	39617000
17	28507100
17	66595000
5	78230900
3	55926200
12	39917600
15	40880200
12	111680000
3	104760000
17	17665500
7	5382280
1	26887600
16	2016750
15	61464100
8	44923100
15	61585700
1	87694900
10	71840900
12	111415000
12	110716000
16	1678070
4	162771000
2A	32966400
17	38834900
17	37813600
2A	62549800
1	39723200
10	71724900
10	71320400
20	33234500
1	132905000
1	152554000
7	5183200
2A	1798830
12	40726600
15	41254400
1	31087000
16	1622040
3	161171000
7	109088000
17	38090300
4	162756000
7	130309000
10	71335900
17	36802700
7	68439100
2A	61751800
7	5356130
15	48844700
12	112149000
3	132645000
16	46159700
12	39893600
1	128596000
3	104775000
15	41088500
8	45483000
7	5237770
15	41005600
7	68268700
12	111586000
19	50533600
2A	95892600
6	20530200
13	32291400
9	34407600
6	43966800
15	66150300
12	110733000
17	36993300
2A	56206800
15	61606600
15	82860000
7	68363100
17	37889600
3	73055500
19	15638200
5	74420200
11	92572000
10	71332000
10	72027000
8	45400400
10	71300600
1	27146300
2B	131112000
9	34329200
8	46030600
2B	136526000
17	36131400
6	44186600
17	17795500
2A	32874900
10	35941000
12	111071000
8	45454900
12	38910500
12	7112820
4	102212000
6	148261000
12	123913000
12	120718000
2A	61736400
8	58440700
7	98689800
10	91194600
6	70431600
15	46492100
7	92192300
20	56315000
7	5179770
1	152295000
10	91157600
2B	136509000
15	61711300
16	71871800
2A	61552200
1	132763000
17	66470900
4	162673000
2A	26297800
7	39372200
4	162752000
1	32108600
15	46472400
12	111473000
8	45519600
7	128703000
3	132599000
12	120617000
17	38399200
6	44196000
17	38478800
2B	136419000
12	39885900
16	4735520
2A	62539400
17	38508200
12	35574500
12	35782500
1	26929700
12	40134400
6	69634000
2B	136388000
2B	136519000
10	98124600
6	20519700
17	29059700
15	61747000
19	15698900
19	52079200
17	37828700
2A	32996900
12	112005000
7	5203240
1	152609000
4	162528000
17	38630500
15	39322200
17	38379100
9	34352000
17	66584400
10	71339900
20	56337300
20	56400300
13	63404400
6	44952000
2A	99603600
15	48490600
8	45461300
22	29789600
12	39911700
10	71894800
16	71604500
12	38550400
16	29966900
14	29733400
22	22657600
14	29722200
6	98198400
2A	61526800
11	106612000
16	45636000
3	161176000
7	4174330
16	88298400
5	77576800
12	120574000
14	66030000
17	36989700
10	71483300
10	35514000
17	38349100
6	150963000
17	38230300
8	45452400
20	56299300
2B	136411000
7	4160580
6	86181800
7	131396000
15	48817700
1	152953000
15	46672000
4	102149000
15	61907100
16	66885900
10	21926200
1	152960000
8	44978400
16	1670540
7	5132160
1	26761900
10	72156100
8	45348900
10	95687900
3	158943000
14	43953700
12	66002900
12	35758700
3	73023800
19	15711300
2A	32803600
16	67634000
2A	61566800
6	20537000
8	45730500
7	5194110
17	38334000
2B	136344000
1	152700000
3	104732000
2B	207128000
20	56401400
14	43732300
4	2032000
20	44588300
10	35681800
8	44775100
13	63407100
17	36256200
5	77795700
16	72192700
5	174888000
1	152968000
2A	31984200
12	110746000
15	48420100
12	40756000
22	22544000
2A	55045400
16	71596400
13	88203100
15	41274700
7	5030580
14	65825100
2B	136359000
2A	61612400
1	27133600
7	24798700
7	131955000
7	130262000
12	40771700
12	35860800
5	77784100
10	113368000
10	119273000
2B	208623000
13	32352800
10	21961700
10	25556300
16	66851400
10	71786600
9	34336800
15	41714400
19	15722000
12	39599300
3	163720000
16	66847600
6	86208200
14	66007300
15	41612600
9	123877000
16	71344400
13	56426400
15	41124000
7	68242300
2B	136847000
12	112192000
7	5177370
3	177287000
11	70677900
1	26713500
15	48655300
12	111892000
17	17699000
8	45420800
3	177274000
1	152788000
15	82892000
12	38494800
9	34321500
15	61538700
2B	169572000
16	71365500
12	38545900
4	89484600
9	130607000
11	106742000
16	19658200
6	46451900
20	33068700
3	161161000
7	39373900
10	71345700
14	65919900
2A	26190600
16	66895500
5	77844300
6	69650500
2A	62582200
6	151372000
1	152722000
10	21975500
16	66906500
16	5056420
15	61618400
12	112626000
14	66429800
8	44969600
16	45469300
13	56350600
1	37821200
14	65997400
1	128149000
5	77508900
7	68319800
1	128121000
12	38275900
12	39226800
17	11489900
2B	169490000
17	37650300
2B	206972000
14	66415100
11	29022100
10	22016500
15	39671800
5	78108000
2B	131612000
16	4741440
7	39354500
1	31107700
12	35583700
6	151035000
16	4857860
17	37005200
2A	99644200
15	46463700
8	45653900
2B	208188000
1	128247000
15	61803200
14	65939900
16	45453500
1	47719400
9	34366500
15	82879800
2A	33049400
14	65993900
8	39860600
10	10090000
5	173304000
1	133793000
12	120602000
15	88482000
6	44304500
5	77616300
2A	61782800
7	108974000
2A	55015100
18	44893400
3	163730000
12	35769400
1	26783300
3	73022700
16	67537200
16	66948800
14	43846400
12	112669000
2A	1732140
2A	26276800
5	178555000
4	64707000
1	152796000
2A	61584100
10	71883100
3	73053200
4	104720000
12	111211000
1	218207000
20	58287700
10	71973900
6	98218100
17	28260200
3	163644000
1	152780000
19	5982170
5	77973600
7	130296000
11	28013100
16	45550000
7	68400300
12	111604000
2B	169491000
6	98089100
10	119292000
7	130229000
3	132654000
16	1694110
16	71587000
16	77180000
2A	61696000
13	63395700
7	39336600
10	71720900
19	5965810
1	31123100
13	88019900
4	104956000
19	5956580
17	36357400
6	44027600
9	35523900
1	152871000
2A	5458300
4	77744800
17	36947400
10	71368400
17	35979500
11	28028500
19	52149700
12	38259100
16	66968400
1	32356000
14	43964200
22	22689800
1	56387700
6	20469400
12	120703000
19	50562500
12	112327000
13	101933000
2A	61845700
1	152849000
6	160047000
17	37569600
17	66523400
9	12395400
22	22678700
14	50656300
15	39819300
15	61568900
6	86258100
10	35998500
12	112605000
3	161501000
12	120627000
10	38480800
6	74571400
16	46012800
3	161180000
19	5992230
13	63416200
2B	208554000
12	39706700
7	130257000
10	98353200
15	73004700
12	39456200
3	73025500
17	38068400
7	5361130
8	45647500
12	111753000
14	66044000
2A	99545100
15	61520200
3	64914300
8	39992900
1	54813200
3	132607000
8	46366900
1	45443700
13	32344100
4	124764000
8	58509200
14	29883800
13	32297900
6	150021000
8	18504900
15	41772200
8	39392100
16	2805410
9	130633000
8	58549000
12	38915800
3	160952000
16	45440200
14	43864500
2A	99005500
12	133659000
16	5064280
12	33404900
9	34388600
12	38949200
14	29879000
7	68468900
7	131333000
8	58540000
15	46508000
17	36730400
2B	125711000
16	45919200
14	29820200
12	35635400
8	58429700
12	39965000
2B	234337000
12	39450000
13	62854000
6	150985000
11	33249100
12	111685000
15	41088000
17	37961900
9	34378600
14	29890800
6	124398000
12	112620000
2B	208577000
20	44622700
9	34357900
16	45685900
19	50574500
6	151269000
17	28898400
3	158937000
10	21909300
10	48943300
7	92459400
4	76615500
13	63278500
20	37344300
12	69230900
15	48752400
4	104975000
7	68452500
16	1633910
7	39361800
5	77519700
14	29810500
3	132611000
12	69178900
17	11495800
6	85241800
12	111217000
2A	33077900
4	124757000
19	52126400
7	68387100
20	56359500
12	35926100
17	38922100
5	49870500
12	110545000
6	46427000
7	4985430
15	70688000
2B	234333000
16	71340600
9	124980000
12	124460000
9	123702000
15	39890100
12	38569400
2A	1807810
10	119234000
10	21854300
15	52862600
10	98132800
1	26701000
16	46246300
15	61874900
16	71667200
15	39304600
12	38601500
17	36338500
1	171541000
15	40963700
17	66696500
15	40999300
12	111518000
16	4935220
8	140223000
6	98131300
16	66859200
16	45984400
20	33216100
15	61633200
14	29842100
20	33194100
17	66598000
1	39743200
7	39365400
2A	33009400
10	21815000
17	36317200
17	36755500
4	162613000
16	67577200
3	161127000
14	51217900
2A	61670500
13	86782800
2B	208296000
15	46404600
17	36462000
6	85235300
6	43999500
19	15714700
19	16328900
1	56374600
17	18051000
8	45784900
2B	208272000
14	58587700
15	61679900
17	47939800
4	2047210
16	45644200
6	85249800
13	88734500
2A	39303000
15	61527100
20	58273400
12	111496000
12	112445000
16	45846200
17	60460000
2A	96360500
7	109096000
10	71313500
17	58596000
7	5221400
16	46191000
7	39391200
2A	33115900
20	58218000
12	41139400
5	7234060
16	66829100
16	30910700
1	39478000
16	45563200
7	39376200
4	154650000
8	45410100
10	72212500
13	32276100
14	29844100
17	17678400
15	61543400
2A	1861180
4	162832000
17	65827000
17	36260300
1	32244300
12	39775300
3	37744000
12	111633000
15	82973100
10	71761100
15	61862500
14	67121000
5	178579000
8	44808500
2B	208398000
16	29925600
6	98238800
3	163771000
12	112595000
13	106484000
15	61581200
15	39693800
16	66873100
9	75700100
7	92529400
4	102256000
1	39550500
8	45335500
14	65928600
17	47778800
8	18512700
7	5142690
12	38944500
12	39925200
2A	26364800
1	32298100
16	71416600
3	172990000
17	36400400
4	89448800
5	77735800
17	37561900
22	29781500
4	2021350
20	56369300
12	38229200
16	71349100
6	44175000
6	86217200
2B	136294000
12	36023500
2A	64935300
6	43958800
8	34761400
1	32347100
10	71775300
2A	55746600
12	39193400
20	33582900
12	39781800
1	45483100
10	16320700
15	39801500
12	69173400
16	46225100
4	102234000
2A	55034200
15	88490800
6	160200000
15	39831300
10	71696500
12	111528000
10	71298100
3	163724000
1	45505400
2A	109440000
17	58610800
20	32246200
17	34584900
17	38489900
16	4764760
1	122976000
6	148268000
17	66467900
12	69196900
17	66481600
19	45441500
6	86154600
1	50243700
10	71920300
3	88535100
13	88190800
17	17675500
2B	208613000
2A	64804900
12	111388000
1	26953500
17	48174600
7	39423100
16	46034700
6	70429100
2B	136473000
5	77408500
1	152947000
15	39552300
10	74519800
17	38006200
14	58612500
17	66627900
15	46516000
1	12831400
12	101128000
16	46198900
12	35665300
10	113381000
15	48782900
4	64689000
2A	37764900
12	35794800
12	38885200
9	34234300
7	68148400
1	157320000
7	128728000
6	85189100
2A	62516200
17	28293700
8	45386000
2A	32011500
8	45844500
17	37590300
10	101597000
5	77517400
5	7242160
7	4853640
10	101905000
16	71497400
13	34673000
12	111400000
4	64793800
3	37739100
2A	61895500
15	46397800
5	77482600
4	19468000
2B	136829000
17	28909100
15	41015800
10	72083600
3	160661000
12	112686000
17	17689100
22	29803100
14	91039400
10	35945700
12	111232000
12	111240000
10	119315000
7	68354600
13	32393200
2A	54932400
2A	37792800
1	72350100
1	171536000
17	37995300
3	185026000
3	161140000
7	131312000
6	72156200
1	37825300
8	45979200
10	71739700
1	152505000
15	46284500
10	73617200
15	61735100
7	53773900
10	119270000
5	77950900
11	17452400
8	45770600
12	39235100
14	67177000
17	66477900
3	140444000
11	28155900
10	35910400
20	33442400
16	46236600
17	18036500
17	66548900
10	21979200
6	44976200
12	40794800
6	69690800
15	82851700
20	33451600
8	58296200
3	140304000
18	64986700
20	56338800
1	31079100
10	71382000
3	14478500
13	32337700
17	28440500
13	32259000
10	35624000
17	17725300
14	29861600
10	91272400
19	52179700
20	33089900
3	154895000
12	38416200
18	28426700
4	19299900
15	48636200
1	152740000
1	152685000
1	51065700
10	22021900
3	37869500
9	34398400
10	102069000
7	39369300
13	88157000
2A	26440700
4	102114000
1	32495800
16	4732620
15	48445600
1	152635000
2A	62615800
1	117829000
15	61440000
17	38928500
10	66478200
2B	206983000
17	38888200
15	72975800
12	65704300
3	53983800
12	124490000
8	18481100
13	19409000
10	119220000
4	2025980
15	48835100
1	152584000
9	34432200
16	67515500
6	150015000
6	150009000
15	40859600
10	35904000
2A	32826500
3	55909300
1	50189900
7	5368460
17	61840600
17	47949400
19	5892320
5	7250580
4	102416000
9	123758000
15	48397100
16	67442600
16	45994900
15	60915100
1	31064900
6	69693200
14	44065100
11	70854200
2A	64902300
12	111253000
9	124874000
2B	136377000
11	64461500
7	13836000
8	135281000
1	218119000
10	119334000
16	29997000
14	65999500
6	150938000
12	124442000
1	37665200
17	36647900
15	61571100
1	128184000
16	45950500
8	39430000
8	11369400
12	120646000
2A	5496940
12	111710000
14	44027400
15	41506300
2A	55026100
20	58256500
10	35872400
13	86582900
13	32329500
16	4954320
5	77531000
8	44982200
5	77609400
2A	99548200
14	66407000
4	162594000
8	16973400
14	100054000
16	71674400
2A	56161300
11	17507400
2B	169489000
8	34787700
14	66442900
16	29035100
14	66031800
16	1611780
13	86600700
9	125089000
6	85229400
19	6028520
14	29950400
7	131352000
17	36673300
6	69658900
1	152975000
17	57377700
1	39748700
12	111640000
14	65664800
1	51220200
2A	54795300
8	45475500
3	73048000
20	58262500
17	29041300
13	88193900
2A	99614100
22	22538100
9	123761000
10	119199000
12	112655000
5	77635200
6	57068300
3	88391000
3	73050600
16	2023280
11	28065700
1	37626100
12	41118500
17	66666500
2A	26416900
14	66026300
10	71485400
1	21711100
7	98706100
8	11362400
7	4193560
8	45508900
16	4959820
12	66077300
5	77496600
15	73001600
13	32544500
20	33448200
11	27454500
17	47964100
16	66825800
15	61841500
15	76498900
16	71518800
17	38485900
20	18268400
6	151299000
6	69669100
10	91222900
15	82676100
14	66047200
14	39892100
12	133685000
4	69601800
1	129156000
7	128641000
15	46524300
12	113200000
1	159512000
7	4153080
19	3532200
1	152561000
14	93819500
12	38364700
12	112458000
1	128262000
2B	136536000
1	184738000
7	131359000
7	68369400
17	38580700
7	130196000
19	45469300
19	3526580
10	99413900
6	82965800
16	4944880
3	161100000
2B	208289000
17	66589000
11	106559000
8	16960500
19	52072000
3	172852000
13	84713500
10	119223000
16	46210100
6	90279600
2B	200324000
8	73480100
6	150910000
2B	136457000
8	45596200
12	62393700
19	5909650
7	39342500
14	65472100
1	152596000
8	45479600
8	45703500
16	67611600
13	63526000
15	39103600
1	27076700
12	33352500
8	58597300
8	34825200
19	15716800
2B	208318000
15	82672100
3	163659000
16	66868800
10	10002600
11	17431700
1	54847100
2A	5486960
5	74289400
12	88684900
14	65899700
16	71649700
1	32207300
22	29887800
12	33457200
12	40711100
17	36959500
1	26771300
2A	37801300
5	77357700
16	66821200
10	35782000
17	58584200
1	87727000
1	31045300
17	37667100
12	120567000
4	26411000
12	112462000
15	46412000
9	34373100
17	17660000
16	4789540
17	38419300
22	29831100
2B	178890000
3	110980000
2A	46474700
12	40193200
2B	136302000
16	66833300
1	152829000
15	41525500
12	112095000
12	120642000
2A	33093100
12	38252300
17	11670900
3	73053900
2A	32053800
8	58389800
15	46130400
5	77740700
8	44994100
1	51297200
3	44876500
2A	95928000
1	128284000
17	37988800
15	88500300
16	45449500
6	46434600
17	7368480
12	120742000
1	152914000
8	45435500
2A	99707000
19	13198500
7	68107600
2A	26249700
17	28210600
4	95609200
20	33141700
7	9715810
3	172884000
14	29895100
19	5954870
17	17843200
16	55249700
13	32317200
2A	1823220
3	88369800
1	26751000
11	17529800
7	66125200
4	102322000
3	154883000
8	3557070
1	26913200
5	78019100
6	98164500
4	10023400
16	29992000
13	90081200
8	46072000
17	66541900
6	98226800
3	161106000
16	45915200
5	21089100
3	154807000
17	17779300
2B	208660000
12	120637000
12	32179600
2A	55071500
15	39338900
17	38034900
6	44966300
9	91079600
1	39471900
1	152822000
16	67664400
4	162552000
8	101859000
5	77807900
7	130193000
3	88321500
13	56408700
7	68676300
2A	1819560
10	16323600
20	56348200
13	63438900
7	128593000
10	74510800
16	67621500
19	52159100
7	24674900
15	61855300
8	11368500
1	26738300
11	28091700
19	53393900
12	33341300
1	128901000
4	102331000
9	125018000
14	65988100
2A	33152100
2B	219872000
2A	26574700
1	122997000
8	46015500
3	160724000
10	35917100
16	45484600
18	66540000
16	46075000
15	66160800
20	33413700
6	87789200
2B	208384000
7	68652800
1	171533000
12	111311000
16	30900500
14	43997400
7	96283600
9	75699000
12	38236200
10	119141000
17	38203000
20	58260700
12	43393500
15	41561900
16	67492900
17	58613600
5	77445900
12	69159900
3	73032700
3	130356000
1	128296000
16	30045000
6	56438600
16	4887770
17	38181600
1	27122500
16	4724750
1	152663000
14	29945700
16	45976200
16	45968400
1	58852400
8	87527200
16	66944800
14	65784100
1	22230600
10	71388500
4	162699000
16	28823000
16	45775700
3	160648000
17	38257400
2A	54962700
6	44299000
5	140639000
4	26310200
7	100714000
12	38937700
6	69638300
12	120594000
3	37709900
2B	200576000
7	96685800
13	63424000
17	66577900
8	73433300
2A	32925100
4	162514000
9	75681200
12	32140000
8	45430800
12	120712000
7	93493700
4	154625000
2A	95881200
1	153051000
14	29909000
12	38559000
3	73057400
14	29881100
1	152732000
14	44109300
12	120565000
2A	54978000
16	46227400
6	69647200
16	1595720
3	161096000
6	151354000
17	48132900
2B	152056000
17	28217100
9	91175100
5	77592300
16	48187500
22	29922400
14	65809300
16	11400300
5	77961400
10	71700900
2B	208639000
9	91124200
3	163709000
13	63443300
8	45781600
8	19690300
14	29766200
1	159131000
6	44005400
16	19657000
5	77419400
2A	33035200
21	12326100
4	76432200
3	73062300
4	162795000
12	112556000
15	70665800
2B	207052000
12	111558000
1	32486800
2A	1789720
8	45414600
7	130363000
18	6063060
17	36704500
20	44519600
10	10096900
5	74267800
14	29868900
1	26667500
10	3471530
15	70675600
13	56373900
19	53320300
2A	26160800
20	58215800
1	152658000
12	112158000
16	67589700
12	60723000
2A	99576500
11	1291130
2A	99106400
8	58464800
17	36740100
7	68305000
1	152447000
2B	208336000
12	38891200
12	112568000
10	71828200
6	46423700
2A	96352700
7	24821000
15	41620200
8	90135800
20	58258700
7	100615000
8	44653400
8	18520600
10	35836300
4	102344000
15	46355900
8	45775000
17	38176400
1	117798000
14	72181300
19	46456100
15	82825200
6	85194800
3	160748000
16	46215400
4	162848000
1	21829800
22	29768200
1	160602000
8	16928800
15	40948300
8	45002500
1	128584000
16	67499300
20	56352100
12	69117000
17	66605200
11	28096600
5	77364400
13	32266500
10	119318000
8	46049600
5	77524800
2A	87645000
17	66466100
19	41311200
10	101799000
3	160668000
17	28536500
17	61849000
15	24368900
2A	99291200
15	40902800
10	113298000
6	150925000
8	79918900
2B	208310000
12	38643900
20	33131500
1	32191700
11	1296550
20	33436000
10	119267000
15	40344600
22	29879000
10	71400300
17	66581500
9	34812000
8	46446700
20	58213700
6	85224500
14	29856900
21	32470900
2B	208409000
16	55305700
5	69416500
8	16932900
5	77562400
12	112524000
12	88889500
22	22572100
19	14115600
12	40426300
13	88017500
11	67842000
1	50338500
4	104988000
7	4839660
1	130050000
10	119158000
10	71713600
3	37735300
10	35951900
15	82838800
17	17668800
17	28272300
10	101942000
11	28962100
14	29898900
17	37584500
4	162785000
14	44129300
8	46058600
14	65508100
2B	208750000
22	29975900
1	31621800
4	104943000
10	71750500
5	77627400
5	99198000
20	5764500
10	38486500
1	54870300
9	130585000
1	128255000
12	124470000
4	154555000
12	36087500
1	152475000
1	69694800
1	31166700
8	46037600
6	69645000
11	106542000
10	21916200
12	39215500
7	5349580
10	119180000
16	46233100
5	2754890
6	52225400
16	66930900
19	52611200
4	162645000
12	88656300
11	113103000
4	19277500
5	42794100
17	36246900
1	6602730
9	123776000
20	56308300
6	98034800
2A	64669700
5	59234300
12	69189900
17	61242700
14	66015800
16	87140900
13	29589300
1	128465000
6	44221200
7	137602000
13	63516800
1	150876000
5	49692300
2B	208537000
11	28946900
1	86289700
1	152488000
7	128652000
11	23611300
2B	219763000
12	207947
17	11487000
12	133647000
10	72354600
22	23900800
17	47723900
17	28569800
16	67601100
11	126857000
14	66055400
1	26813000
1	159625000
10	119289000
12	112747000
4	64807600
2B	207072000
17	2036620
12	111569000
3	154891000
2A	32842400
14	67193300
2B	208360000
17	66679800
6	98256000
1	99076300
5	74270500
1	39485800
16	6711990
4	154712000
6	20510200
16	67556300
10	98788000
7	68274500
8	58519700
9	34803900
12	40245300
20	32242900
16	66912100
7	68169900
3	177298000
9	26681500
16	4931770
13	63465100
16	1558910
16	45438600
1	31038700
20	44630000
11	27290000
12	35695800
11	69858800
9	130549000
17	66511900
7	5105180
16	67652800
5	77353800
2B	208345000
2A	54812900
15	82177400
15	40986500
15	72961700
16	67423600
17	37700800
15	61644700
12	66216600
16	45691100
1	200218000
2A	1866560
12	38268700
5	77582900
10	22034000
10	36050900
7	131345000
2B	178897000
12	36078100
17	38083500
4	124803000
7	24747000
12	88898100
1	152603000
12	26932900
1	153019000
7	137581000
4	124835000
16	55278700
17	48140300
4	68678800
1	27112400
12	40668500
5	77501500
4	124859000
6	69717800
2B	132772000
7	68621800
14	43729400
6	127669000
22	22523000
5	99203700
9	123710000
7	39371300
9	112941000
5	78479000
14	66022700
14	67196500
5	77549900
12	111357000
1	45522900
15	61559400
14	28688100
19	5939480
15	61457800
1	58821700
16	46204600
19	42971500
19	62352400
2A	62626400
15	72909200
14	29902600
7	4825050
1	133779000
10	119257000
4	135883000
6	150946000
16	4928280
6	87838000
4	124783000
17	66620400
15	41230500
1	26687100
12	40622000
12	124829000
15	39857900
2A	64861000
7	4048150
4	19258600
1	196545000
10	36957000
20	58195300
12	111368000
1	37799900
5	23107500
17	36964400
11	106682000
9	123862000
3	73031000
9	125058000
15	62035900
8	87637500
9	123875000
1	72500700
20	32778900
4	154697000
12	35934200
7	122230000
14	65613900
12	38410700
12	65887000
1	157256000
1	218184000
6	46462200
15	46322900
10	99363600
5	77370200
2B	208228000
12	66233300
11	69832400
13	86795400
6	43946700
2A	26435500
15	65093400
12	76265900
1	27523500
17	11475900
19	52607800
5	94996200
1	155955000
13	86806400
11	45530300
8	58625400
19	50801400
12	38593100
18	26806600
10	10069900
13	56369300
12	38362100
12	33327800
6	110714000
12	39421100
10	119092000
12	110335000
13	99745400
2A	5461740
4	162826000
2B	208247000
1	87776500
3	171090000
2B	208255000
16	67644900
1	152676000
4	171569000
5	77513500
7	68293200
3	161354000
7	98747000
16	45467700
1	122925000
16	45748700
11	70928200
3	163651000
11	69739800
7	129217000
12	120821000
3	14470000
1	159379000
10	119155000
4	124843000
12	33640100
16	66960000
17	38826100
15	61460700
3	14475000
8	58338700
2A	39311200
14	93891100
12	56901900
16	71450000
5	78026800
12	120866000
4	149059000
13	56356800
1	156528000
15	88484400
15	61821400
9	91121600
6	97809100
2A	64858700
3	20796800
9	34253100
12	124837000
5	77405900
4	64725000
7	2282390
2B	206992000
5	77579800
10	101632000
7	68339600
14	29836400
1	21691000
3	37809700
8	58325200
2B	208619000
12	88679100
17	38116200
10	36026000
6	20499700
12	35945400
10	98321200
12	38524300
12	88693700
1	78764100
17	2091460
17	36440500
6	85254000
14	29665300
13	63480800
16	30500400
9	91228000
5	65193700
17	28933900
19	3522480
2A	26338800
3	172739000
12	124453000
14	91733800
8	45426000
7	75815000
2A	50159300
8	45372600
1	58830000
15	72973400
5	77639800
6	98269900
20	58284500
17	47785200
1	26939900
7	68766400
7	48512200
7	129126000
12	88882700
18	68349000
13	86763700
4	48738900
10	21986300
14	94691400
1	26673100
15	39270200
14	90533300
5	7230110
8	58561700
14	65536500
6	102206000
12	33513000
12	124057000
4	125011000
22	29828400
16	19651200
19	15628300
6	150993000
14	100062000
6	38563400
8	46461400
7	128568000
15	66654000
8	18474400
5	7236280
19	13308200
16	4227470
15	72870100
2B	136487000
4	10043000
10	72092500
1	176951000
6	79486100
13	56390600
7	16451500
11	67830900
13	56142800
12	105804000
1	69087500
6	20516300
3	37831200
3	37731900
16	4750970
4	19454400
15	88492700
3	37827300
9	130668000
4	64751600
1	41306800
8	58478600
1	27648800
10	91787400
1	152542000
7	4988910
15	41608000
9	124953000
6	129955000
13	32365700
11	123753000
7	24642400
1	200225000
12	43643800
18	44882000
16	45677000
21	6404580
10	71673500
15	61554800
7	72202300
8	39853000
14	67138000
15	48675400
16	71352000
1	196536000
1	31607800
11	106720000
14	65733800
1	45496300
13	106485000
4	124825000
12	120726000
1	32272400
16	45741800
3	7710100
2A	11462500
10	119359000
8	70891000
5	59260600
6	43936800
9	124973000
16	71685000
16	2779840
18	28432200
1	152906000
17	18162200
10	96845700
12	112409000
16	46016900
7	128861000
1	70969400
1	22155700
2B	208303000
7	68680600
6	98398600
3	160633000
10	113387000
10	98249400
10	119240000
15	39756700
7	101564000
17	48183000
14	90492200
10	61259900
14	67127600
8	45756100
8	58372700
6	98209800
5	77692900
7	39375400
3	159323000
8	45503000
17	7942060
17	38496500
17	17672600
4	162638000
10	71360000
3	111984000
4	107837000
16	45538400
7	16459600
17	17741100
4	64645900
15	41616300
10	101568000
2B	169489000
12	101125000
15	82194100
3	73033600
12	38427600
16	4759070
2A	64919200
13	63493100
12	35868700
4	33192100
15	66823600
15	46383200
19	15937800
1	160596000
9	34385300
17	28565400
3	161225000
14	66446300
1	152337000
15	46719800
7	39366300
4	64680700
6	72001000
22	21662300
7	72147800
7	72133200
7	72108800
7	72100800
16	46254800
2A	54950100
11	81955900
15	61777700
1	3133270
20	34273500
1	128314000
4	19553300
16	71578200
16	2812470
16	67676500
15	46501200
15	46272800
8	44715900
12	38577600
9	70168300
11	69787100
20	33077600
5	93508700
7	68233800
2B	208138000
9	12401800
11	1555790
6	52286400
6	127829000
14	25969100
15	72881800
14	65679600
8	11366800
3	185009000
12	110535000
17	38712600
10	53453500
7	24739100
7	30070500
16	88315200
12	35608400
14	44006900
14	66420800
2A	75083200
1	218123000
3	88312500
5	49824000
2B	206888000
8	58363200
6	115341000
2B	151975000
16	46220900
14	29839700
6	103064000
9	123391000
15	41432600
7	100631000
2B	131598000
6	73540300
17	38873000
12	88645800
2A	54807800
10	44295800
3	163575000
14	39266900
15	72924100
1	198954000
16	48468900
7	38263700
7	98743100
1	19413200
14	72161900
1	200179000
17	2150410
14	29762400
5	7200000
5	78375800
3	37789800
6	86836600
15	95077000
1	23488100
16	71735000
3	37723200
14	37747000
7	128774000
12	124833000
8	18432400
11	27718700
16	67649800
3	178260000
13	86561400
1	153078000
1	157301000
5	77271900
17	28499900
4	114662000
16	4900090
19	6016440
15	40981400
17	38945800
10	109485000
9	34216800
1	56230600
4	162807000
4	110741000
8	11365400
16	2786760
3	164265000
14	29728500
12	40034900
10	102030000
5	77464500
5	70603000
6	151019000
2B	208327000
5	74431300
6	52242300
7	130184000
4	102186000
7	68308100
2B	219770000
9	20989200
1	27064500
1	32546700
2A	32909700
1	27413300
8	18144800
10	71684200
4	64711900
1	38169000
14	100001000
19	52538000
13	88155500
5	77443100
9	123466000
6	156882000
15	42432800
13	86526500
5	104026000
2A	54822300
18	28373500
3	185102000
6	43930600
3	55901600
14	65790900
19	52075500
16	67695300
17	58565100
4	105088000
8	1535320
8	46097600
17	28593900
3	88499900
19	52532900
20	44612600
11	63604200
10	35757700
17	38521900
4	103937000
2A	74774700
10	119074000
3	37759400
16	48711700
6	71936800
5	126413000
3	154792000
6	46468500
9	12462400
3	161214000
11	46109000
1	78426100
20	58264000
10	9776900
8	45318800
16	3262680
10	21844700
11	82390600
7	39345300
4	127981000
11	106694000
2B	118550000
8	46422500
8	17124600
7	131998000
2A	55039300
13	56196500
14	65689400
6	147628000
12	65879300
1	13942600
4	162596000
7	129489000
15	70716900
4	64844700
2B	219777000
1	152574000
2A	54798800
1	54838700
6	151022000
8	73443400
10	22043200
1	50122300
6	70439900
5	74277100
8	46138700
1	54865300
19	5977180
5	86247000
6	127744000
16	19649600
6	147363000
17	37683700
2B	136327000
12	112398000
14	59544500
6	69677100
19	14127300
6	67156300
3	158963000
1	51347100
16	67636700
14	43745000
17	57472500
19	13170600
6	102097000
12	111723000
6	148282000
13	86838300
16	30037200
7	101614000
18	3980700
4	89437500
12	66071000
1	32526200
12	120521000
7	5021650
12	62093800
8	2114040
10	21902400
11	45627700
21	802697
3	88434300
17	69024000
16	67508400
16	1588200
10	102351000
12	60706000
5	109311000
3	154879000
14	50662100
4	19802500
6	97799800
1	152362000
7	54897400
14	91016200
10	71707500
22	37982800
7	4861170
7	65573600
14	44093500
2A	26467600
3	172831000
11	106623000
1	13939800
4	181534000
17	58378800
15	61868700
16	19902900
11	28138800
19	16332400
11	17544500
4	124791000
2B	220133000
16	4761850
13	63343800
1	61004800
15	46349700
12	112320000
10	11989800
16	45803800
4	89399900
13	88027800
16	48722600
6	151041000
7	137612000
6	79461100
2B	151684000
2A	64825100
6	79398300
7	39350700
16	48465700
9	91156400
7	5126010
15	39783200
7	131422000
4	56942700
11	106727000
16	4295980
12	38246000
4	10913200
9	17464500
1	58842200
8	108293000
13	63329900
5	78031300
1	218104000
11	106593000
5	77545000
10	72101000
2A	55028900
2A	54789900
2A	26141600
15	41265200
8	87617000
5	69358600
4	124969000
13	101708000
19	13151300
17	36369600
22	29894700
12	111189000
5	69449400
6	98091900
8	108523000
1	152529000
12	133677000
12	31600700
15	41463700
14	25977200
17	38938800
15	46610800
13	56379800
15	46341500
15	82683200
3	163691000
12	38414800
12	88873900
8	58569000
4	162782000
2B	158221000
16	72241000
16	45937600
8	73428600
5	78192600
11	92737000
11	81885400
1	56237300
3	139564000
4	141681000
1	133684000
9	124849000
5	14822200
7	68747400
14	91742800
7	129360000
7	13834900
5	7247780
7	96966500
6	98043200
9	34202400
16	48706300
2A	39299300
1	208746000
10	119229000
11	27811000
1	157330000
11	29019900
7	68358300
3	132660000
2A	108759000
7	39417000
3	88965800
11	40166800
16	48245800
10	119190000
5	69391400
11	69726500
7	2312950
8	58261100
4	10232700
9	133479000
4	104913000
14	44023700
6	151259000
8	45406600
3	187692000
14	65674100
4	64703000
3	88417300
16	1686120
19	45452600
20	58192800
15	41699000
1	26856200
7	131944000
2B	140825000
9	91189400
12	112849000
17	65737800
8	39825800
15	61550300
7	98909800
5	77489800
19	52604200
4	10110900
13	88186900
7	30006400
1	22168000
12	37308200
2A	79461200
4	76629500
1	156722000
8	39341000
6	86166300
20	32703700
15	95211300
6	85179200
7	92662500
16	66882400
12	60733800
14	39279900
9	119210000
8	45388700
12	38459700
19	5972430
7	68265600
21	18892100
12	33144500
6	151004000
3	111966000
15	41580800
6	85209200
14	39249800
9	125044000
20	60347100
12	46510400
3	37764800
3	88396200
4	155835000
12	62459700
15	82335800
4	162600000
2A	74717000
1	50618900
2B	240214000
12	38285300
16	30050900
16	4925600
5	93524100
12	35579800
12	40167600
1	31848500
7	68282500
16	67447100
1	13929700
6	95460500
4	165745000
15	73077000
15	70673600
12	26899200
2A	25306000
2B	200788000
9	34435700
7	24808300
11	23589200
17	2055810
3	37835300
12	88668300
12	39696900
12	133669000
12	38413900
19	50790500
17	61821400
6	151149000
10	98408300
16	71757500
2A	31961000
1	87755100
14	29690000
14	77890500
1	38690000
4	147284000
1	99105500
16	45709000
17	57298200
15	88163000
12	1294500
12	31035200
11	45525000
17	37577100
1	171711000
3	72981900
1	3963340
5	65223300
19	5985010
6	68942300
13	86554200
1	131557000
2B	219863000
1	54676600
15	95156700
7	68326000
1	41575300
1	130775000
19	41337200
7	98853700
11	38237000
11	123714000
10	96793800
6	151194000
8	44628100
2A	31884000
7	65506100
16	4875120
3	140311000
11	28883000
12	111376000
4	89499100
4	124869000
2B	220293000
19	3539850
7	4132700
4	60073900
1	54404000
14	43991900
6	124427000
10	9800720
10	102078000
12	38490100
2A	84093900
5	74269100
5	77537500
7	68123800
16	67679500
2A	32013800
6	148259000
3	158917000
15	52858600
2B	208299000
1	31626600
12	125713000
6	95457700
16	45907300
2B	198124000
2A	56122700
13	32372400
12	38422100
12	33409800
11	70718600
2B	163899000
15	72914700
4	162592000
5	74366100
12	37304300
4	89509300
1	155945000
3	140451000
4	154637000
17	38899400
8	44983500
12	88672600
18	51390500
10	21942500
10	121271000
11	70840900
11	115174000
12	120510000
14	66552100
1	54289000
15	73015800
8	16938500
17	38590700
11	27984800
4	75527900
7	5166820
3	37972700
20	10418400
4	10015300
11	98639800
14	93876200
1	31098200
15	61525200
9	91092500
1	69077300
2B	148600000
6	13739700
13	62873500
22	48376500
7	2543850
10	119387000
7	101617000
10	35671100
1	72481700
5	77868300
16	71468200
4	162607000
17	38471400
6	86175300
2A	64593000
5	50340800
15	41385600
6	52292800
2B	208366000
11	63874700
14	51266600
20	2839270
3	160436000
4	78205800
7	13823500
15	83924700
11	28105800
15	39659200
14	93926400
1	54831500
14	37471100
8	126088000
1	38301600
17	58458600
2A	72324700
12	35942400
17	28196500
9	130601000
16	79311700
22	18532700
4	141678000
4	76675100
1	58468900
1	39462500
1	128722000
15	39839500
7	92466200
14	66480700
8	117052000
3	37163800
20	33464000
15	41149600
14	43987700
16	4845640
15	46497000
1	157326000
4	29415200
4	124795000
1	53864000
7	30032000
7	39383200
7	106679000
10	21932100
2A	63333600
12	35791400
14	44155500
2B	169493000
11	46104400
15	42736700
9	130676000
2B	219780000
14	59426900
8	11364600
3	37969800
16	48434300
1	38224200
17	1998520
12	94000600
17	2061880
17	61289500
16	48219900
14	46799300
3	73049100
19	13113300
10	55035900
20	47043400
19	50782100
5	77324800
6	43981100
13	32305800
8	45132400
9	34948200
22	29869700
3	154909000
2A	55763000
2A	1805250
14	29865200
14	66020400
12	38535100
17	47514400
6	97804100
6	69770200
4	64800000
1	157308000
2B	148530000
15	39607900
5	127768000
1	54684900
2A	31875900
2B	136800000
8	45612100
6	90494900
6	42109600
3	88576800
1	122949000
11	70795900
15	72886000
15	41782600
11	16239500
16	77307300
2B	208168000
1	218216000
1	27820200
4	68690100
6	97963300
8	18169700
15	88518700
16	46239600
6	44997100
6	46090600
1	57215100
7	65566600
11	1502440
8	46437600
14	43702400
15	41538300
5	74233300
2A	31999900
17	36406100
5	94273700
2B	160653000
4	10018400
16	67669700
3	37988600
10	35790100
4	133768000
3	88408000
12	112543000
14	65568800
6	90288600
19	11448300
1	58815800
6	87737300
2A	31863100
10	21993900
4	75611000
16	48751700
11	106600000
11	64327800
15	70695700
9	24941200
16	45898400
5	74417100
3	160708000
14	21946400
16	1701970
3	88398400
19	5951730
2B	219816000
1	37854300
11	27656100
14	66462000
2B	219778000
13	29574800
3	140472000
10	71394700
13	101773000
15	70723000
9	91250200
1	27090000
11	115048000
1	159116000
5	77649600
10	10035800
11	98661800
17	58510400
4	19533000
3	45284900
10	71355400
15	42550100
2A	26328000
1	153097000
1	169771000
15	41530400
14	29854200
11	70827900
17	57416800
10	71390600
17	17749500
1	157316000
1	22245900
11	28133100
2A	46433200
8	870625
12	65912500
8	46380300
1	157254000
10	19781700
17	48158800
13	88726800
12	39470500
14	93369600
5	14815700
18	64707900
8	34847300
4	169378000
6	127741000
12	66242100
2A	96302400
5	150138000
8	87612600
7	34294600
19	50502700
12	133707000
14	90519100
12	112833000
14	29833400
9	123810000
11	28078900
9	123408000
13	106474000
20	32257400
6	98080700
1	27576300
12	120656000
17	66250800
17	66651700
21	22307100
7	129460000
7	5212750
6	71956400
17	7324160
1	50272500
7	129402000
15	39720000
2A	25510800
9	91279600
3	88523200
10	119087000
1	32511000
1	160573000
3	160695000
19	15694200
12	60756200
12	65906800
5	106453000
2A	95889100
4	10197800
14	29759500
16	45720300
8	18594000
20	60296800
15	40350200
2B	208656000
11	69597300
11	85238500
3	88501000
10	74472000
2A	108853000
16	71726000
17	38028900
7	65582000
10	70647700
20	44641700
7	66664800
7	68154800
1	50679600
3	45918200
12	112386000
8	18356700
5	26232700
9	28084700
8	18489100
14	43734400
6	70454500
2A	54774200
3	89969700
14	29645100
4	10071200
3	37747900
12	124065000
17	28951200
17	17993900
17	36980600
6	160033000
17	57663300
20	58211500
17	38752200
6	97435400
12	38409000
20	44566300
12	65733500
6	20906500
8	135478000
17	28285400
5	69409300
3	88540600
16	67283400
1	123009000
4	169936000
10	119119000
22	23889500
10	73850300
17	38962500
15	73054400
4	50643100
1	12836900
8	18101400
15	82186500
1	32507200
5	74292700
3	37884200
4	64674900
5	77437100
19	45481100
14	65616600
21	6436880
7	10262700
7	66686300
10	119409000
13	56296600
1	157343000
17	57529300
11	69822200
1	171609000
11	68693500
13	90238500
10	98121300
1	69753900
1	130809000
22	23912000
6	79506100
19	50815700
17	11658700
6	44261600
1	37631400
19	52145800
4	381748
1	54249200
13	34454100
7	25549400
6	20471600
4	376962
4	50343400
8	3565660
1	78391700
13	108594000
14	66019100
7	98622900
4	78220900
19	45429900
6	43952700
22	24461700
10	102587000
4	124905000
2B	235053000
11	92994700
1	54729900
15	24482900
11	28167400
15	70085200
1	196538000
7	131939000
22	37989500
10	35749300
2A	56433700
2A	55009000
3	115381000
8	45573200
22	22565900
1	153207000
12	123864000
3	16966500
15	88511300
18	26967700
13	86571800
9	93619800
2A	39324300
14	65947000
7	68311900
1	153033000
2A	37787700
4	188687000
2A	60441000
8	87534200
19	5888190
16	67411000
19	13129700
9	130578000
4	56920300
9	80670500
15	62723300
1	97615100
9	91029600
19	3517010
3	88548400
17	38645800
17	66615100
2B	234336000
16	71336000
1	153085000
9	34862800
2A	96371400
3	87180300
11	70593200
7	106726000
2A	56066800
15	66143600
3	88359600
14	44157800
17	2030060
9	130559000
14	29959000
1	128834000
6	45026100
5	77456100
2B	164792000
17	11493000
7	66790500
4	10219600
2B	152839000
6	86229900
5	69345100
2A	32979500
15	73084600
4	154607000
