15	61813600
12	110856000
12	38736800
2A	61948200
17	37115500
12	38748100
16	30689400
12	110647000
15	41299800
16	30725800
12	124214000
16	71794700
15	41294400
12	38760800
12	38754100
2A	61868300
2A	61926500
7	5295220
17	37013900
12	110674000
2B	131688000
2A	61986500
2A	61718100
12	38784900
1	152518000
16	72122800
16	71815700
2A	62282600
2A	62275600
2A	62045900
2A	61996200
2A	62437000
16	72097200
16	71748000
16	72001600
2A	62102700
12	38711000
16	71962500
12	111926000
2A	62155100
16	71902100
2A	62077000
16	72066600
2A	62187700
2A	62261200
12	111954000
12	38768600
12	40456100
16	71992000
12	124191000
16	30057500
12	40313600
12	111135000
2A	62054100
12	111176000
16	72184300
2A	62229400
16	71840200
12	40278600
2A	62197500
2A	62247800
2B	131675000
2B	131731000
2A	62071400
12	40254200
2A	61824200
12	111153000
15	41404100
2A	62161800
2A	62178600
12	40359600
12	40265700
16	30774800
16	30825500
6	86117300
16	71910700
12	124182000
2A	62121300
2A	61915400
12	111872000
2A	62094600
2A	62089600
16	72154600
12	38683900
7	5262300
2A	62009800
12	112078000
12	111792000
12	112000000
2B	131657000
2A	62062000
7	5255410
2A	61515900
12	112045000
16	30752300
6	44111900
2A	61790400
12	38703800
12	112237000
12	39656800
17	66682600
16	71935200
12	110609000
12	40062100
16	30575500
16	72036700
16	71887800
12	40349500
12	38776400
16	30641800
16	71979200
12	39677400
2A	62138000
15	61920500
16	71875100
2A	61905200
12	110628000
16	72115300
1	128227000
2A	61592700
16	71881100
12	111143000
16	71986300
15	82903100
6	44062500
15	41305100
1	128191000
12	111717000
12	124200000
2B	131647000
6	44103400
12	110845000
1	32067400
12	38796800
12	38695800
16	30597700
15	41284100
1	128079000
15	41358900
12	112177000
2A	62263900
7	5316600
16	72016600
12	112118000
12	110663000
16	71765100
16	71916800
2A	61938200
12	40199700
17	38252300
12	38812200
12	111943000
12	110689000
16	71715900
12	110594000
15	46624300
12	110786000
16	71895900
12	40179500
2A	61837900
2A	62299100
2A	61970100
19	50707000
12	112209000
12	110876000
16	72084800
12	124145000
15	41343700
16	71694800
2B	131620000
7	5341360
15	61792200
6	86113200
1	32338300
2A	61875100
1	128174000
7	5375580
2B	131661000
16	71971900
2B	131603000
16	30863700
12	111978000
16	71857400
2A	62144500
16	71930500
12	110580000
12	110703000
2A	61544700
12	38723100
16	72138500
16	30518200
15	82953600
19	50752600
15	41287800
2B	131669000
12	112059000
2A	61852900
1	152317000
16	30808100
12	110770000
16	71953900
1	152346000
17	37008900
12	38718300
1	128167000
15	61944300
10	71869100
15	41280800
12	40379100
2A	62307100
1	152434000
12	111015000
1	32062200
2A	99718500
16	71850800
12	124204000
15	46539300
1	32130800
12	40221500
12	112035000
12	40209900
5	78010900
6	86092000
12	110827000
19	15704600
16	72052300
12	124233000
15	83010000
2A	61961000
15	61936000
15	82946500
12	111805000
12	111920000
12	112104000
2A	62526400
17	36961300
15	46457700
1	152407000
12	40506100
7	5291010
2A	62126800
12	110913000
12	111856000
12	39629800
15	82827900
2A	62112500
12	38789700
2A	62218600
17	37022500
12	110760000
7	5326350
12	40294400
15	61889700
15	46437600
16	30855600
16	72175400
12	112200000
2B	131635000
15	61884500
12	111965000
6	44130400
16	72027400
12	38674600
12	40559900
15	61927600
14	29938500
17	36909900
1	152416000
2B	131617000
5	77711200
2A	61530400
1	32288000
15	46576800
2A	62373000
2A	61810500
1	152286000
15	61940900
14	29741900
16	45585600
16	72009300
2A	62031600
19	50768700
12	39952900
17	38194800
12	124163000
19	15707700
2A	61772600
12	112014000
17	38298900
15	61807700
19	50660400
2A	62357300
2B	208635000
12	39800700
12	124156000
12	110926000
1	152373000
16	71827200
14	65918300
12	40544700
16	71809300
7	5286240
1	128093000
1	128159000
16	72020400
12	111992000
12	38662700
14	29955200
2A	61978200
12	110888000
12	40148100
17	28305800
12	124171000
12	110567000
12	40399000
16	29988500
17	36678500
12	110958000
15	46551800
6	86121500
12	38922600
2A	99652800
12	111040000
5	77988400
15	41365500
16	72162600
2A	62169300
16	72168700
16	30030600
14	65935700
19	50587900
14	65886800
15	61848700
17	66685100
12	112144000
16	71863700
17	38261700
12	39835700
12	38895200
2B	131715000
12	111840000
12	111883000
2A	61743800
12	110993000
20	33191500
15	61720700
17	36916500
16	30541500
12	38901700
2A	61573200
5	77904900
2A	62503400
16	71752400
14	65892800
12	35819100
15	82895300
12	38617900
12	40160600
17	66487300
12	38876500
12	124254000
12	38800400
12	35731900
12	124121000
17	66693500
7	5240650
2B	131720000
10	72016800
17	36859800
16	30018600
1	32306600
16	71943300
15	82848800
14	65911800
17	38150800
12	110903000
12	112128000
12	112334000
12	39971200
12	38868800
1	32054700
17	36984800
6	86078100
17	28431500
16	45621200
12	39758700
12	110497000
12	39806500
8	45394300
9	34250000
12	39650900
16	45508100
15	39471200
10	72201600
12	39545100
15	46568300
12	112376000
12	35701200
1	152306000
12	110657000
12	39994500
16	45520600
17	66689500
12	40300700
12	110941000
17	38339500
19	50549000
19	50730200
8	45514100
12	39787800
12	39931500
17	36872400
12	120608000
12	40367900
2A	62426400
1	152812000
17	36879400
12	110984000
12	112254000
3	104748000
12	111111000
16	45598600
16	71820500
7	131287000
17	36995200
12	120665000
12	35840000
2A	61805400
17	37632100
17	28351000
16	4837000
12	111825000
15	61976300
16	29984200
17	38315500
7	5248200
1	152591000
20	56396100
12	112288000
17	38473400
17	36853600
12	120693000
15	46546800
12	39726700
1	32038000
12	110422000
2B	131699000
6	86132100
6	44080000
7	4945220
19	5918390
1	32142300
14	65922600
2A	26317100
3	104785000
12	35623400
15	46586300
2A	61761200
5	77918400
15	46620300
2A	99524200
2A	62414300
17	36924500
2A	62495100
12	40470800
12	38873900
16	5003900
12	39847800
4	162776000
12	39872200
10	71422900
2A	61505100
16	30022700
14	29928600
12	39815500
12	35809100
16	71781100
1	128205000
8	45468100
12	110635000
12	39899700
2A	99691100
7	5114910
1	56276800
1	32044500
12	40113100
12	40616400
17	36892500
12	110973000
1	128111000
17	37018900
12	40322000
15	40868800
7	4165520
2A	99635800
12	39477600
5	77998000
16	30617800
15	82875500
12	39739500
15	41338500
7	131305000
2A	61559600
6	44165700
10	71445800
14	65932800
6	44270900
2A	99672900
10	72144900
15	41223400
12	38637000
17	28321600
6	115255000
12	111126000
8	58655500
16	45499500
17	38387000
1	32253900
12	124078000
1	152900000
16	4968040
14	29749200
7	5320440
12	112267000
12	40204300
7	130246000
2A	62384800
7	5337800
2A	99696000
15	41313900
2A	62605000
7	130237000
12	35712500
12	38859100
2A	99685000
16	4986080
12	35848800
1	32280500
8	39472900
15	82872900
6	44233600
6	160052000
12	112167000
16	45494200
12	38929100
8	40007300
3	190700000
2A	61675400
12	38907200
5	77894800
19	15701600
2A	61703400
12	39571600
15	41330300
4	162667000
7	5277100
12	111281000
10	71432800
19	50644500
12	35878200
17	36664200
16	45496800
15	46638800
12	35765800
12	38585400
17	36970200
15	40941400
17	38330200
6	86196300
5	77818600
17	36252600
16	29975100
3	190699000
15	40891300
16	71801400
20	56331600
15	61673700
10	72132000
1	152669000
15	82887200
12	110516000
17	36887200
17	38166500
12	40390400
10	71438400
3	190697000
15	48739500
2A	26377500
2A	26236500
12	112261000
10	71425000
14	65882800
2A	33066400
6	150025000
17	36944300
17	28312600
10	72236300
17	37676000
7	5017260
1	152392000
17	38208800
10	72244500
20	56326000
17	28220000
15	61740200
14	65951300
6	44019600
17	36595100
15	40927400
12	111161000
15	82967800
15	82855900
4	171602000
6	44144200
19	13241500
17	36896700
12	120697000
14	65903800
10	71453300
2B	208675000
15	82834400
15	82912700
12	38401200
13	86787000
3	190698000
17	36119500
15	40921100
3	161155000
12	35879000
1	50235400
14	65895300
2B	208605000
17	17708600
13	63379100
15	61685200
15	82869500
16	29947000
17	38265500
12	35737800
2A	99595800
1	32264700
17	36956000
12	39642400
2A	32784300
2A	62462300
12	35680300
14	65990400
16	4939560
12	120556000
1	32170100
17	36903400
2A	62365600
12	39667200
12	111657000
4	162734000
16	71703100
12	39829200
22	22643400
12	35627400
15	46660800
1	56279200
15	48522200
10	72223300
17	36976300
2A	62210200
12	124125000
7	5364660
10	71419400
12	38804300
17	36939900
20	58268700
7	5217140
12	112027000
14	65966400
2A	61663700
12	112184000
16	45572500
6	44155000
19	13296900
16	71739800
1	32224900
9	34334300
15	41415300
15	82923600
17	36778800
1	50284400
2A	1722890
19	5923560
8	45440300
9	130656000
16	30882200
6	160063000
14	65943800
2A	62563500
15	61612600
4	162740000
17	28448200
10	71449500
2A	62404200
5	77602900
16	30654100
14	29931000
4	162748000
2A	62570400
17	66492600
17	17714500
10	71875600
17	37638700
12	38469100
5	77748800
7	39368100
16	4854620
15	41322100
5	77729800
17	37616900
17	36967100
14	29954100
17	37000600
10	71372700
17	28266400
1	32319600
16	4951660
17	28226000
12	112217000
9	34290000
17	28336300
17	36620800
17	66631000
16	71922600
12	111033000
12	40384100
2B	208526000
12	110556000
10	98137700
17	36721000
2A	61724200
12	112312000
7	130286000
1	32184500
2A	33057200
14	65915300
3	132633000
14	66005000
15	72996800
12	40288900
4	162681000
16	4964710
12	124108000
12	35777800
7	5307130
2A	61602300
12	111537000
17	36770000
2A	31968400
14	29746200
14	65978000
6	160174000
10	72171400
12	111913000
14	65963200
16	5010500
9	34258100
12	35656400
6	86201400
2A	26213400
16	1658630
12	38918100
10	119322000
20	56361900
8	45534100
3	55931800
15	39286100
2A	5465550
9	34345600
12	40173300
1	12809600
12	39906900
12	39842400
10	71429200
16	71476500
8	46457600
15	61700700
12	120623000
12	35904100
16	67000500
3	163679000
14	65908000
16	71413900
2A	99663300
1	171545000
15	46481100
12	40098100
8	45817000
12	39949600
17	17661700
19	15730200
3	161148000
17	28367100
12	39688600
6	44249500
15	61670000
12	39944600
1	152887000
2A	32897000
10	71409900
21	18798100
15	41247400
12	40334100
12	35888000
10	71849200
15	40911500
17	38355800
2B	208644000
2A	61620100
4	162737000
6	160039000
1	27176100
19	13227200
