1	3992100
1	3993740
1	4224850
1	5642260
1	5679390
1	6259380
1	6406410
1	9120540
1	9629010
1	15592900
1	16823400
1	17876000
1	18254100
1	18392400
1	19198300
1	19810500
1	20800900
1	22931500
1	24056300
1	24193500
1	25192200
1	26395200
1	29569700
1	30377200
1	31818000
1	33085800
1	33834500
1	35805700
1	35943000
1	36328800
1	36989600
1	37096100
1	40100400
1	40213800
1	40685300
1	41971600
1	45260700
1	45575100
1	48428000
1	49331200
1	49675100
1	51634600
1	51925900
1	52230500
1	55381400
1	57269200
1	64305700
1	66134800
1	66255900
1	68502600
1	69217000
1	71165500
1	73892600
1	74406200
1	74618400
1	76216200
1	81940200
1	82329000
1	84232900
1	84422000
1	85129700
1	85309000
1	90216800
1	92110200
1	95396200
1	95742900
1	96743700
1	99606100
1	100922000
1	104224000
1	104986000
1	106571000
1	106984000
1	107037000
1	107918000
1	108808000
1	109845000
1	111880000
1	117363000
1	118420000
1	121077000
1	124402000
1	126180000
1	126445000
1	126949000
1	130087000
1	130486000
1	132360000
1	135194000
1	135337000
1	136317000
1	136535000
1	136841000
1	137065000
1	137347000
1	138334000
1	138880000
1	139430000
1	144154000
1	144453000
1	145251000
1	146036000
1	146759000
1	146832000
1	147209000
1	149031000
1	150943000
1	151010000
1	153339000
1	153619000
1	155874000
1	156718000
1	161242000
1	164052000
1	164944000
1	165277000
1	165702000
1	165716000
1	168520000
1	170735000
1	172185000
1	173155000
1	173825000
1	176245000
1	177450000
1	178291000
1	181136000
1	182219000
1	182942000
1	185117000
1	185755000
1	186052000
1	188713000
1	190762000
1	191634000
1	192616000
1	193488000
1	194783000
1	197106000
1	198080000
1	198846000
1	202075000
1	203639000
1	206236000
1	207060000
1	208023000
1	208737000
1	208882000
1	210914000
1	214390000
1	218223000
1	218529000
1	220907000
1	220933000
1	221141000
1	221256000
1	222327000
1	223110000
1	223785000
1	224324000
1	224982000
1	225300000
1	225911000
1	226417000
1	226459000
10	638553
10	1203190
10	2101600
10	2927030
10	3064080
10	8666780
10	8991490
10	10149900
10	10188400
10	11502900
10	12654400
10	14213500
10	17314300
10	17531300
10	19558200
10	19774700
10	19929700
10	20871700
10	20946400
10	23055000
10	25672500
10	25965800
10	26584600
10	26641700
10	27907300
10	27960200
10	28453800
10	31025400
10	31209500
10	31651800
10	31670400
10	33815600
10	35226700
10	36806800
10	43774600
10	44440400
10	49303600
10	51362200
10	51441900
10	52054200
10	52373400
10	52948800
10	54417000
10	54467900
10	56875500
10	57945700
10	58608900
10	60072500
10	60460500
10	60747100
10	61798800
10	62580700
10	63887100
10	65319500
10	67420100
10	68860900
10	69290700
10	70003300
10	74899100
10	75467700
10	75572500
10	79983200
10	80458500
10	81928700
10	82208400
10	82493000
10	82601500
10	83210000
10	83341900
10	85298300
10	87877600
10	91456900
10	91506300
10	91933900
10	93839200
10	97190100
10	102227000
10	104132000
10	105665000
10	106651000
10	106810000
10	106989000
10	107996000
10	108026000
10	108209000
10	110503000
10	119190000
10	122520000
10	123062000
10	123779000
10	124033000
10	124558000
10	125830000
10	126320000
10	127407000
10	127608000
10	127799000
10	129280000
10	129488000
10	130590000
10	132051000
10	133213000
11	2772640
11	3133140
11	4500600
11	6935820
11	7261380
11	8262810
11	8499140
11	9102870
11	9653360
11	10854900
11	11403100
11	11552200
11	12396700
11	15659700
11	15682900
11	16763300
11	19416300
11	19652900
11	20381000
11	20828200
11	21306700
11	21356400
11	21851500
11	23451400
11	24417000
11	25048100
11	25978800
11	27709900
11	30439300
11	32061400
11	32413900
11	35974100
11	37772000
11	38507900
11	38583800
11	39416000
11	40250800
11	40929000
11	42119200
11	42272800
11	42760100
11	43745000
11	43920100
11	44110300
11	44705200
11	47870200
11	60161600
11	60630500
11	64476700
11	66287800
11	68657300
11	72777200
11	73782300
11	75726200
11	76630200
11	77423100
11	79453200
11	80628800
11	82765000
11	83851400
11	85445000
11	88447800
11	89782500
11	90488400
11	92155100
11	93911300
11	94128500
11	96106900
11	96420400
11	96488300
11	97058400
11	97847700
11	97879100
11	98034900
11	98858900
11	99843000
11	100787000
11	101930000
11	102162000
11	103102000
11	103306000
11	104245000
11	106742000
11	106983000
11	107726000
11	109231000
11	110594000
11	111461000
11	111529000
11	112062000
11	113080000
11	117962000
11	118460000
11	119074000
11	119751000
11	123750000
11	125244000
11	126921000
11	128402000
11	129687000
11	131365000
12	157589
12	627437
12	1341850
12	1502320
12	1865690
12	1973660
12	2508980
12	3199290
12	5012920
12	5529390
12	6586560
12	6660460
12	7520630
12	10048300
12	10218200
12	11691200
12	12041300
12	13796300
12	13891200
12	14221000
12	16268600
12	16362200
12	19348100
12	20198500
12	21954900
12	21969700
12	23184500
12	24604700
12	25000900
12	25189000
12	25553000
12	25750300
12	29207900
12	30150400
12	30298800
12	31712500
12	34481900
12	35860800
12	38209200
12	42221500
12	45707500
12	46493100
12	46679400
12	48776400
12	49355800
12	50553300
12	50887100
12	55080300
12	56681700
12	56947100
12	58175700
12	59652000
12	59930500
12	60804700
12	65519000
12	66191100
12	66846500
12	69052200
12	70687100
12	72700700
12	74948900
12	75183100
12	75239100
12	75292600
12	75437000
12	75482300
12	75742500
12	76048700
12	76532700
12	76756700
12	77017500
12	77045800
12	80768700
12	82468800
12	82808700
12	85526100
12	88661900
12	89073500
12	89126700
12	89395400
12	92420700
12	92768200
12	93577200
12	94866000
12	94873800
12	99595600
12	99647700
12	99697900
12	100047000
12	100049000
12	103865000
12	104075000
12	104247000
12	104459000
12	104833000
12	104879000
12	107062000
12	108287000
12	108903000
12	109767000
12	111368000
12	112626000
12	113364000
12	115452000
12	116592000
12	118356000
12	119570000
12	119590000
12	119638000
12	121135000
12	124475000
12	125146000
12	125488000
12	127703000
12	129420000
12	130290000
12	130657000
12	131835000
12	132997000
12	133439000
13	19064800
13	20696700
13	21991300
13	22608500
13	22834300
13	22839500
13	23156900
13	26979000
13	27303500
13	28352700
13	31912300
13	34404500
13	37550800
13	38211500
13	47941600
13	48869500
13	50354700
13	53675000
13	55367300
13	56915000
13	59875800
13	60392600
13	60659000
13	60799700
13	61011900
13	61826100
13	62465500
13	63366600
13	63726500
13	65622400
13	66750400
13	68637300
13	69162300
13	69773700
13	70246900
13	70384600
13	71012100
13	71021100
13	71518200
13	71732600
13	77248300
13	78415700
13	78723200
13	80831800
13	81459200
13	82451100
13	85579700
13	86116100
13	86230900
13	86235600
13	87203500
13	89883000
13	96039600
13	97898900
13	98693900
13	99292000
13	99475200
13	100661000
13	104333000
13	105453000
13	107290000
13	107337000
13	108057000
13	108068000
13	108238000
13	109294000
13	109319000
13	110624000
13	110723000
13	112007000
14	21202100
14	23569500
14	25271700
14	25353800
14	27105100
14	32061200
14	32093400
14	32380200
14	36033100
14	37077700
14	37238400
14	38959200
14	44002400
14	44353600
14	46748700
14	47512200
14	47557400
14	48151300
14	48840100
14	49136200
14	51091100
14	52814800
14	53684500
14	55224700
14	56973200
14	59453400
14	59508300
14	71090600
14	71465900
14	71917700
14	73061200
14	74635200
14	76266300
14	78063400
14	78266500
14	79296500
14	79559200
14	80394300
14	81662900
14	81838300
14	84883800
14	85769600
14	90287500
14	92680000
14	94763300
14	94903200
14	96595000
14	96631400
14	97321300
14	99099700
14	101254000
14	101420000
14	101584000
14	101982000
15	21345200
15	21591900
15	22300300
15	22705600
15	22953900
15	26559000
15	26654700
15	27283700
15	27303200
15	28458300
15	29942000
15	31577700
15	36322800
15	40237000
15	41330300
15	41924000
15	42311400
15	43284600
15	47779800
15	54532200
15	55227700
15	56401200
15	56547000
15	58923000
15	60327200
15	60818000
15	64437100
15	68257200
15	69659600
15	70167900
15	71001700
15	71275600
15	71752100
15	71957000
15	72016000
15	80370500
15	82757500
15	83540200
15	84443500
15	84982000
15	88275400
15	89063100
15	89150300
15	89254600
15	90742000
15	91598400
15	93456400
15	94505000
15	94827200
15	95536600
15	95740300
15	95770600
15	96001400
15	96139300
15	98432900
15	98992400
15	99198900
16	7022950
16	7284840
16	7387060
16	8184810
16	8859960
16	9922420
16	10079000
16	10197100
16	11460200
16	11635100
16	15555600
16	19216500
16	19647800
16	23783900
16	26942200
16	27390500
16	31101500
16	31570200
16	33146700
16	46047100
16	47355000
16	49911600
16	55053700
16	55611700
16	56073600
16	56934700
16	57177300
16	58984000
16	59633400
16	59776400
16	59936200
16	60262300
16	60841700
16	61964600
16	62716700
16	65493700
16	65545500
16	68922400
16	70885900
16	73579000
16	75006500
16	76197300
16	76709800
16	77831800
16	77901700
16	78619500
16	80880100
16	82920500
16	83775700
16	84681200
16	88503500
17	5269100
17	5450410
17	6470230
17	8860860
17	11529300
17	12270400
17	13423300
17	14591800
17	20504400
17	22344400
17	23080000
17	23626300
17	23758700
17	28917900
17	34709000
17	41514800
17	42170500
17	43999800
17	45482200
17	46485700
17	47581600
17	47903500
17	48291700
17	48720200
17	51436300
17	51471100
17	52852100
17	53196600
17	53581800
17	54641800
17	54862400
17	55896800
17	59717800
17	60534500
17	61991400
17	62218700
17	63730400
17	64995200
17	65724000
17	68302900
17	69129900
17	69506600
17	70400500
17	70429000
17	74020100
17	74390400
17	76845700
17	78230300
17	81556100
17	82453100
18	2828910
18	4574000
18	6605930
18	8186520
18	8398190
18	8878320
18	10621400
18	11096900
18	14170200
18	14592300
18	14644000
18	18567500
18	19527800
18	20980900
18	25458300
18	26402800
18	29763000
18	30159400
18	32662900
18	32783300
18	33147800
18	33499400
18	33539400
18	37862300
18	38796400
18	41082400
18	42122800
18	42703400
18	43452100
18	47367400
18	47441000
18	51735100
18	55790700
18	56213600
18	56326500
18	57904900
18	58523900
18	61213400
18	61509800
18	62170500
18	65248300
18	66711800
18	67018200
18	67227000
18	68512000
18	69862100
18	70283600
18	70439200
18	70820200
18	73047400
18	74046500
18	74448000
18	74871100
18	75254900
18	75362200
18	75859400
18	76247600
18	76525700
19	3127420
19	3750710
19	4650950
19	5539570
19	6424400
19	6919760
19	10364100
19	11344700
19	12158900
19	14630600
19	22696900
19	33259000
19	33568700
19	34778800
19	36032500
19	44753300
19	45328500
19	48286400
19	48881900
19	49611600
19	50707000
19	51942200
19	53528500
19	54058100
19	54845000
19	56848300
19	57337000
19	58553800
19	60652200
19	62671900
20	839614
20	1989130
20	2621130
20	3420530
20	3477950
20	3843580
20	5890830
20	7280170
20	13045400
20	14493300
20	15296400
20	15367900
20	15838600
20	16524300
20	21109700
20	24941600
20	28970700
20	29310500
20	29796800
20	30610600
20	34539200
20	37393200
20	38349600
20	38708000
20	39632900
20	39690600
20	40232200
20	41219100
20	43494300
20	46055800
20	47976600
20	50488600
20	52138500
20	52966300
20	53893500
20	54142700
20	54310300
20	58845900
20	59755400
20	60355300
21	1951430
21	2930000
21	2990340
21	8046850
21	8188240
21	11813500
21	15300900
21	16184500
21	17229000
21	17376300
21	17502800
21	18279800
21	20214400
21	22389600
21	23429900
21	23767400
21	23885600
21	24163200
21	24791100
21	26201000
21	26456300
21	27617700
21	28249800
21	28958100
21	30444500
21	30623200
21	30801800
21	31577200
22	16314600
22	16424700
22	16700500
22	22341900
22	25906400
22	27072600
22	28855000
22	31723500
22	31933600
22	32989700
22	35915800
22	39376500
22	40205900
22	43172700
22	43503400
22	44045200
22	44804100
22	45266800
22	45471100
22	46062300
22	46955500
22	47133700
22	47724100
22	48061600
2A	1222080
2A	2513000
2A	2719610
2A	6445210
2A	6832580
2A	6894230
2A	7688310
2A	11578000
2A	13548700
2A	16039800
2A	16137400
2A	20865500
2A	23070200
2A	24973800
2A	28499100
2A	31351300
2A	32043400
2A	34496600
2A	34656400
2A	37019400
2A	38136300
2A	39378900
2A	39640000
2A	45527900
2A	46322800
2A	46756700
2A	46803600
2A	48317700
2A	49761300
2A	49882000
2A	50402600
2A	54198600
2A	54286200
2A	59253700
2A	59723800
2A	62121300
2A	62965200
2A	63541200
2A	63771700
2A	65212100
2A	66280400
2A	66982500
2A	68497300
2A	70364600
2A	74116500
2A	74987900
2A	77465100
2A	77511900
2A	78117900
2A	78271300
2A	80322300
2A	82822300
2A	83334200
2A	83764700
2A	84706300
2A	84833100
2A	86113400
2A	86689900
2A	87362300
2A	98108000
2A	98210000
2A	98521200
2A	98577400
2A	98639300
2A	99795800
2A	99908700
2A	100535000
2A	100683000
2A	103530000
2A	106545000
2A	107068000
2A	107104000
2A	108782000
2A	110503000
2A	110543000
2A	112170000
2B	114742000
2B	115866000
2B	119071000
2B	119953000
2B	120206000
2B	120704000
2B	121154000
2B	121401000
2B	122467000
2B	126215000
2B	127873000
2B	129362000
2B	130121000
2B	136788000
2B	137562000
2B	144658000
2B	144797000
2B	150473000
2B	151472000
2B	152515000
2B	156992000
2B	160925000
2B	163834000
2B	164206000
2B	164453000
2B	164760000
2B	164805000
2B	166625000
2B	166678000
2B	168932000
2B	169694000
2B	169762000
2B	171184000
2B	171524000
2B	172194000
2B	173131000
2B	173692000
2B	174304000
2B	179407000
2B	180449000
2B	182875000
2B	183653000
2B	184786000
2B	184949000
2B	185901000
2B	185998000
2B	187876000
2B	187882000
2B	189010000
2B	189447000
2B	190489000
2B	190872000
2B	192654000
2B	193028000
2B	193978000
2B	194829000
2B	195497000
2B	196277000
2B	197255000
2B	197522000
2B	201627000
2B	204052000
2B	204429000
2B	204957000
2B	205085000
2B	205994000
2B	206183000
2B	206274000
2B	206553000
2B	208586000
2B	209482000
2B	217302000
2B	217802000
2B	220350000
2B	220576000
2B	225170000
2B	225774000
2B	226077000
2B	226404000
2B	226512000
2B	226728000
2B	226874000
2B	227334000
2B	227765000
2B	229098000
2B	229441000
2B	229806000
2B	231499000
2B	233948000
2B	234345000
2B	234843000
2B	236100000
2B	236612000
2B	237265000
2B	238867000
2B	241715000
2B	243022000
2B	246366000
2B	246593000
2B	247036000
3	777242
3	1030740
3	2409760
3	3813440
3	4296010
3	5990100
3	6917960
3	7259420
3	8643930
3	9388980
3	10206300
3	12461600
3	13263500
3	13523800
3	14661600
3	14924200
3	19977200
3	21090500
3	22099500
3	22820700
3	23626100
3	27961900
3	29114900
3	29176800
3	29294500
3	30234800
3	30766300
3	32381700
3	34472500
3	35286600
3	40619800
3	40684800
3	41461500
3	42249500
3	45863000
3	46455400
3	48989300
3	49060900
3	49244000
3	51157000
3	54631900
3	54671400
3	55523100
3	55590100
3	56225200
3	56329400
3	56753500
3	57465100
3	59051300
3	60275200
3	60376300
3	61753100
3	62892500
3	64001500
3	64140100
3	65506800
3	66050900
3	66246900
3	70177500
3	73623900
3	73763000
3	73832900
3	74599000
3	74644200
3	76339200
3	81745800
3	82559400
3	82687700
3	83194900
3	83872400
3	90823300
3	97352400
3	98979300
3	99494900
3	101160000
3	101458000
3	102696000
3	103033000
3	107071000
3	107226000
3	108292000
3	109397000
3	110329000
3	112983000
3	119298000
3	119401000
3	119405000
3	119772000
3	121015000
3	124683000
3	126958000
3	127277000
3	127657000
3	127708000
3	131169000
3	132502000
3	134546000
3	135024000
3	136480000
3	137959000
3	138422000
3	139331000
3	140244000
3	141636000
3	142315000
3	142334000
3	146241000
3	146795000
3	146931000
3	148518000
3	149003000
3	149396000
3	151181000
3	151266000
3	151825000
3	152178000
3	152780000
3	153097000
3	153349000
3	153550000
3	153849000
3	156027000
3	157098000
3	160364000
3	160708000
3	164379000
3	164477000
3	164597000
3	166830000
3	167316000
3	168222000
3	168401000
3	169291000
3	170116000
3	170146000
3	170149000
3	170706000
3	171169000
3	171653000
3	172487000
3	172991000
3	173647000
3	175426000
3	176593000
3	176785000
3	177253000
3	181075000
3	181661000
3	182031000
3	185640000
3	186607000
3	186609000
3	188605000
3	189372000
3	189375000
3	190530000
3	190735000
3	190760000
3	191556000
3	193329000
3	194878000
3	194924000
3	195784000
3	199150000
3	200145000
3	200224000
3	200587000
4	102987
4	870051
4	2863870
4	3280870
4	3448660
4	3939660
4	5282460
4	5312090
4	5751760
4	7936260
4	9758050
4	9795550
4	12344200
4	16078900
4	16438400
4	20671700
4	21577600
4	21681600
4	22606600
4	24427000
4	25185600
4	25426200
4	27951700
4	28130200
4	30495900
4	31349100
4	32765200
4	32835200
4	33178500
4	33678800
4	33778800
4	34817200
4	35803500
4	37122000
4	38835800
4	41141000
4	43741400
4	44206200
4	48243300
4	48423600
4	49451400
4	49665900
4	50214800
4	50319200
4	50651100
4	51914500
4	52518200
4	52621700
4	53763700
4	54171800
4	54837200
4	55402500
4	62572700
4	64409800
4	64895000
4	65023000
4	65029200
4	65122300
4	66336000
4	66438900
4	68486700
4	69634500
4	70855800
4	75889700
4	77328600
4	77839900
4	83075300
4	83685000
4	84341700
4	84711700
4	88934800
4	91506200
4	94449900
4	96639900
4	98694900
4	98994900
4	99650400
4	100809000
4	101438000
4	104840000
4	106059000
4	106543000
4	107487000
4	107919000
4	108741000
4	109026000
4	109388000
4	112486000
4	112733000
4	112809000
4	113684000
4	114707000
4	117458000
4	117879000
4	118508000
4	119080000
4	120918000
4	122249000
4	122391000
4	122447000
4	124869000
4	125512000
4	126189000
4	128457000
4	129409000
4	130519000
4	133167000
4	136076000
4	136247000
4	137117000
4	137156000
4	139237000
4	139365000
4	139719000
4	139846000
4	139889000
4	140333000
4	140397000
4	140697000
4	140727000
4	141442000
4	145751000
4	146297000
4	147198000
4	147807000
4	148039000
4	149572000
4	149579000
4	150566000
4	150913000
4	151304000
4	152848000
4	160398000
4	169911000
4	170574000
4	170604000
4	170838000
4	174497000
4	174893000
4	175331000
4	177508000
4	178225000
4	179667000
4	180713000
4	181139000
4	181619000
4	182331000
4	182736000
4	183820000
4	185035000
4	186546000
4	186694000
4	189038000
4	189708000
4	190720000
4	190806000
4	191679000
4	191818000
4	192080000
4	193134000
5	391023
5	1604060
5	4300150
5	8914410
5	8941570
5	9015000
5	9544040
5	10017800
5	10605500
5	13726300
5	15414700
5	16196200
5	19422200
5	20700200
5	20869500
5	25186000
5	29668600
5	30476500
5	32644900
5	33680000
5	36098900
5	36661200
5	37148200
5	39970400
5	40812500
5	43660600
5	48000900
5	51802100
5	56282200
5	56752800
5	57182900
5	57380900
5	57831500
5	58073000
5	58148600
5	59038800
5	59159700
5	63128700
5	69966300
5	70713800
5	72236100
5	75773600
5	75870100
5	79178400
5	84405300
5	85445900
5	85791800
5	86109600
5	87637000
5	88139700
5	88954600
5	91556700
5	91968900
5	92660500
5	96225000
5	99250400
5	102125000
5	103574000
5	106997000
5	107470000
5	108090000
5	110325000
5	113119000
5	114399000
5	115675000
5	116479000
5	116807000
5	117300000
5	118074000
5	118567000
5	120781000
5	120908000
5	122638000
5	124324000
5	125618000
5	128302000
5	132484000
5	136069000
5	142116000
5	142444000
5	145173000
5	147386000
5	153157000
5	154088000
5	154110000
5	155915000
5	156968000
5	157013000
5	157375000
5	157539000
5	158123000
5	158860000
5	160228000
5	160865000
5	160954000
5	161394000
5	162157000
5	165525000
5	166783000
5	168072000
5	171978000
5	174497000
5	175010000
5	176730000
5	176837000
5	177596000
5	177601000
5	177625000
5	178002000
5	178094000
5	179850000
5	180694000
6	547603
6	638889
6	850459
6	1128080
6	2834790
6	3538630
6	3851540
6	3981060
6	4227850
6	5589950
6	6041370
6	6879600
6	7257090
6	8332870
6	11855200
6	13717800
6	14998000
6	15235400
6	16107500
6	19298400
6	22716700
6	23884800
6	24360100
6	25765300
6	28380500
6	28517100
6	29627600
6	31152900
6	31310400
6	31774200
6	34191000
6	35744600
6	36195300
6	36462100
6	41169900
6	44653400
6	47148100
6	49009700
6	49028600
6	50248400
6	51643000
6	52022200
6	52847000
6	52913900
6	53344600
6	53386600
6	55296000
6	55705200
6	56818000
6	57242000
6	63963200
6	67003000
6	67911100
6	68871100
6	74001500
6	74379200
6	75063500
6	75761800
6	78365500
6	79767000
6	81038200
6	82855800
6	91386700
6	93127700
6	94213900
6	95310900
6	95470900
6	101670000
6	101798000
6	103554000
6	104433000
6	105478000
6	108080000
6	108903000
6	109252000
6	109724000
6	113880000
6	115425000
6	116727000
6	118067000
6	119543000
6	120463000
6	123655000
6	125038000
6	126073000
6	126378000
6	126653000
6	126734000
6	127829000
6	128738000
6	129905000
6	130474000
6	131244000
6	131318000
6	133712000
6	135390000
6	136748000
6	139733000
6	139891000
6	141005000
6	148485000
6	150274000
6	150497000
6	151844000
6	151958000
6	154514000
6	155986000
6	158222000
6	159182000
6	160630000
6	161888000
6	165900000
6	167298000
6	168000000
6	170304000
6	171378000
7	1492010
7	1507570
7	2198560
7	3385530
7	4010680
7	5255410
7	6364170
7	6993300
7	7012790
7	8396140
7	11031400
7	12538300
7	12619400
7	13393700
7	14516400
7	14903400
7	16112700
7	17811000
7	18722500
7	22307600
7	24326000
7	26795000
7	27545800
7	29800000
7	30306700
7	31356400
7	31636300
7	33983100
7	34853400
7	35337600
7	40959400
7	45217100
7	46556500
7	47444500
7	48852100
7	49338800
7	51784400
7	53040100
7	53480600
7	62372200
7	66199200
7	66634600
7	67198900
7	67220300
7	67376600
7	67377900
7	67491900
7	69145800
7	69156600
7	73605300
7	74268300
7	74494000
7	74892200
7	75716800
7	77773500
7	78376900
7	83435300
7	83751800
7	84285500
7	86713700
7	86740100
7	86824500
7	90349000
7	91044200
7	91555300
7	91684300
7	93395500
7	94486600
7	95538900
7	100721000
7	106578000
7	107465000
7	112267000
7	112760000
7	112901000
7	115237000
7	116860000
7	118607000
7	119644000
7	123320000
7	123954000
7	126246000
7	126736000
7	126874000
7	128725000
7	129384000
7	133316000
7	135111000
7	135114000
7	136347000
7	137235000
7	138462000
7	138847000
7	140003000
7	140193000
7	141287000
7	142098000
7	142657000
7	142736000
7	143489000
7	143862000
7	144987000
7	146288000
7	146474000
7	147493000
7	147859000
7	147924000
7	148364000
7	148772000
7	149795000
7	150092000
7	150561000
7	152285000
7	154090000
7	155123000
7	155525000
7	155922000
8	3192370
8	4386020
8	4952020
8	5397640
8	5398040
8	8667790
8	9501720
8	10167600
8	10644800
8	11082900
8	11480200
8	11558200
8	12522400
8	12878100
8	13801100
8	14392300
8	14449900
8	15568000
8	16109600
8	16650100
8	18978900
8	20388400
8	20892200
8	22546000
8	22666600
8	24006000
8	25765600
8	25967200
8	27229800
8	27520600
8	27831200
8	28072700
8	28232100
8	31709300
8	33319700
8	34396200
8	35119300
8	36714600
8	37811800
8	38158800
8	38357600
8	40157700
8	44790600
8	45034000
8	46662700
8	47826200
8	48120300
8	49154700
8	50913300
8	51033400
8	53100100
8	53689200
8	54446900
8	57451900
8	59281500
8	62496700
8	63765100
8	64267700
8	66021700
8	66072600
8	66491100
8	66908700
8	68726300
8	72284500
8	73135000
8	76191900
8	76552500
8	76704100
8	76864400
8	77161700
8	81853400
8	90705100
8	93291200
8	95317200
8	96148100
8	96846800
8	97406700
8	100084000
8	100959000
8	101316000
8	106093000
8	107289000
8	107563000
8	108122000
8	112966000
8	113591000
8	114451000
8	114851000
8	115922000
8	116084000
8	116254000
8	117904000
8	118191000
8	118511000
8	118528000
8	119839000
8	121075000
8	124403000
8	124529000
8	126590000
8	126693000
8	127517000
8	128994000
8	129820000
8	130275000
8	131956000
8	132457000
8	134042000
8	134914000
8	135374000
8	135950000
8	136041000
8	136267000
8	136742000
8	137530000
8	138076000
8	138722000
8	141120000
8	142021000
8	143224000
9	434705
9	530543
9	925177
9	2122670
9	2786900
9	2962280
9	3065670
9	3913900
9	4936140
9	5908960
9	6205640
9	9437120
9	10165000
9	11879900
9	12649600
9	13283400
9	14361700
9	14681200
9	15595500
9	16607500
9	16621500
9	18104900
9	19953300
9	20299600
9	23896000
9	24924000
9	26244400
9	26432100
9	28035000
9	29812000
9	32391500
9	35980000
9	38970700
9	68328700
9	68932200
9	69525800
9	69697600
9	72508700
9	72684400
9	74117600
9	74202900
9	74648800
9	75160900
9	77338600
9	78438800
9	79338600
9	80157400
9	85337200
9	87003900
9	87131400
9	87543300
9	88851800
9	89001900
9	96782500
9	102490000
9	103805000
9	105467000
9	105867000
9	105983000
9	106655000
9	107280000
9	107406000
9	110320000
9	113290000
9	117574000
9	117862000
9	119121000
9	119686000
9	120018000
9	120269000
9	124037000
9	125352000
9	126741000
9	127173000
9	127396000
9	129559000
9	130198000
9	130944000
9	131900000
9	133696000
9	134487000
9	134554000
